PDE 2024 1 1 1 1 1 500.000000   0.000000   0.000000 0 0 Asteroid_forward 
event name:       Asteroid_forward 
time shift:       0.0000
f0:         0.020000
latorUTM:       500.000000
longorUTM:         0.000000
depth:         0.000000
Mrr:       99999999999999991611392.000000
Mtt:       99999999999999991611392.000000
Mpp:       99999999999999991611392.000000
Mrt:         0.000000
Mrp:         0.000000
Mtp:         0.000000
